-1.702424473245669340e-02 -3.879163831460664680e-01 1.115141889607584730e-01 1.734277915853263017e-03 4.759622772116814393e-01 1.927295808002206512e-01 -4.577921479037074318e-03 -2.544071133732933032e-01 -1.524701452555582426e-01 -1.067566385669750512e-01 3.276024782299076787e-01 -1.358235275463889058e-01 -2.691184508443110190e-01 1.562042169357187038e-01 1.854733299394029089e-01 -2.180682454235103804e-02 1.551944441299578648e-01 1.660008705954659214e-01 -3.362287044990325824e-01 4.491085641317986710e-01 -3.923810786728236799e-01 -6.388825690687892356e-02 2.596994000820463944e-01 3.621204160524931215e-01 -1.500840024085781099e-01 -1.758587584148500402e-02 -1.025168564082278438e-01 2.455397058076461692e-01 2.703109249016905427e-02 -6.167930934159475409e-02 2.123135867517785547e-01 -2.760278544396642664e-01
-2.223020951217795360e-01 4.799529104462259277e-02 2.305136483890296573e-01 -1.348408312143415666e-01 1.616552190450215309e-01 -2.068330195401867078e-01 3.372924421947489093e-01 3.590638936877746379e-01 3.513351790156264420e-01 3.305430582974995257e-01 -3.125650011467561579e-02 1.716565435652731356e-02 -3.592980389467071434e-01 -7.932591230449791142e-02 2.009884021559597000e-01 3.573157502484181069e-01 4.686894151831003802e-02 -1.741937700810202716e-01 1.627098518317515730e-01 3.086748152699156714e-02 -1.044470483801181460e-01 3.803938275035748801e-02 4.825148639534810463e-02 -1.478313654642197383e-01 -5.174483817246432471e-01 2.015546179555639805e-01 -8.572876181328245582e-02 2.514903495436251468e-01 1.539005477198288063e-01 -2.279225123395199615e-02 3.769801441983710033e-01 1.368262742195091863e-01
-6.221753486696449120e-02 2.866480339087337237e-01 -1.923800291113989813e-01 -4.467388219461118082e-01 -6.313280063559445487e-02 1.675801641468377956e-01 7.723056129261401948e-02 -4.803527043929153167e-02 1.236316774703238169e-01 -1.375361850115709994e-01 -2.097223431371763591e-01 -9.870688945147566840e-02 -1.301035097845748001e-01 -1.812297238745814443e-01 -2.897200710267024484e-02 2.211556939737561733e-01 -5.608316312526805819e-02 -1.628009626442191715e-01 -9.507470922670580027e-02 -3.966109520124098259e-02 9.852533926927159458e-02 1.376802799173248715e-01 3.122876301202064386e-01 -9.984556102701241942e-02 8.968887384603381474e-02 -3.319131742174429023e-02 -1.773229785499091937e-01 3.565260225475100505e-04 -3.905109925861435793e-01 -6.929135976839360944e-02 -1.578500768657474518e-02 -4.893312289022551387e-02
-1.305128539882759453e-01 8.452908074108976544e-02 -8.249473819552491372e-02 -1.518947994971369120e-01 -8.543312747415878275e-03 -2.807372522117713987e-02 1.493620564564404896e-01 6.612440717945830548e-02 2.112536866092732668e-01 -1.299162206577818002e-01 -9.535424525597399614e-02 -2.580940781762933525e-02 6.693784656173290548e-02 2.832595120464914684e-01 -4.114611734333453175e-01 -1.849402899309774695e-01 1.215362808936994166e-01 9.671733388017583755e-02 -3.944473696084135894e-01 -1.837795515114537259e-01 -2.174518438306908830e-01 -1.007434948304590239e-01 -8.741950090673028528e-02 1.075886400724194586e-01 2.658921531519262138e-01 2.063044547867254330e-02 1.440293909039466573e-02 -8.476508555059408812e-02 -1.283509334074486863e-01 -2.863590620612472409e-02 -1.339560645229716761e-02 2.149366736758754337e-01
2.617429739533578825e-01 -1.921334240533792148e-01 -3.652574837469904634e-01 -1.613720819705685428e-01 -3.514258736355872492e-01 1.582542966390179939e-01 1.431792655894157662e-01 1.408352146799248528e-01 1.348209443919157480e-01 1.185723498073882054e-01 2.314553469466451296e-01 3.143873879996548354e-02 7.035895045097212419e-02 -3.937522732281629328e-02 1.314289231621708909e-01 -4.251762035154784125e-01 1.312637415653902517e-01 1.366932157457446118e-01 3.194625031988004848e-01 -2.448012159392071729e-01 3.328022984349632285e-02 -3.381832037658236839e-02 -2.682416275384728044e-01 2.199700407496701926e-01 7.818714892446823606e-02 1.325137115688137801e-01 -3.244845471333388520e-01 -1.937774950645720362e-01 -9.196513844779277691e-02 -8.438825274858902104e-02 -3.748653249554267375e-01 -1.399282181111412282e-01
-2.983484110312635898e-02 -6.892734017258599077e-02 1.160226053160779008e-01 -3.884206277295618182e-02 -2.927179910584234990e-01 2.841162414229642802e-02 7.319906014920864179e-02 -6.869857774406447348e-02 7.029380595505002605e-02 5.015360603473525414e-01 3.207727312558094068e-01 -5.198373684283538743e-02 -1.800941069822893370e-01 2.314580226485997427e-02 -4.759133648340069245e-02 -7.764227238883669724e-02 1.422155832774062989e-01 1.395806619085391553e-01 3.050897617397397080e-02 1.062923491199298243e-01 4.650156572478896799e-01 -2.825469796222218610e-01 2.693156657242655183e-01 -4.271521857041489234e-01 1.882925299664241214e-01 -2.720942910688934901e-01 3.650093376750189727e-03 3.311289131466617630e-01 7.990020728112330606e-02 1.576783274434863658e-01 2.431438621613027928e-01 -2.063179068323417725e-03
-1.322647392201213301e-01 2.630353570659546211e-02 3.612099035836863897e-02 1.502591536130404859e-01 3.728546073819882789e-01 -3.027291610515295620e-02 1.227121118731616251e-01 -2.805638548593398229e-01 3.718610637159033838e-01 3.105724929451330815e-02 -1.622797821960450804e-01 -2.973018781673178110e-02 -1.307116407196819152e-01 -4.629626322706399399e-01 -2.376367828087416201e-01 2.427922574782633292e-01 -2.363972180688749536e-01 4.269939265875590251e-01 2.083650307494948895e-01 2.128292051856741363e-01 1.592819660790313063e-01 -1.672913131942510567e-01 -1.861573303968961646e-01 4.308805982886841981e-03 3.117488521560796699e-01 2.223596685659033068e-01 -1.776017839783392283e-01 -2.562986033282590448e-01 -3.864755819979907164e-02 7.244357559825098658e-02 1.372931306725131695e-01 -3.473821337029969064e-02
-1.993961354401086947e-02 -2.405113587548061427e-01 2.514981416081445431e-01 2.008592142826249802e-02 2.839344561650405940e-01 9.659068076758569807e-03 6.845005914947344117e-02 7.064223818302493851e-02 1.592332216570506165e-01 -1.150491431541169618e-01 5.896713962513491086e-02 -1.539521537798141729e-02 -5.220058649416438323e-02 1.876396918344802045e-01 4.998183086758736793e-02 -1.084809878249294035e-01 -3.343037744700318170e-02 7.865227544168015839e-02 1.107925653373243446e-01 -2.079995187663043754e-01 2.662977291371336208e-01 3.877102652977035963e-02 -2.028204638914465896e-01 -9.867924831008233200e-02 4.777250388683969007e-01 4.488206701685290012e-01 5.051850658989382598e-02 2.012504475149362315e-01 2.411702127458783818e-01 -2.450181098490142872e-01 1.040732222591408823e-01 -3.684459535244479639e-02
7.356089891637211664e-03 -6.448682626366825099e-02 -2.469316839638756034e-01 8.430173282315706410e-03 -3.042425466392332800e-01 -1.085569043195643291e-01 2.060703920324167548e-01 1.386244129951696713e-01 -9.554702639272849574e-02 2.396776523017244975e-01 -1.062860893559646885e-01 -1.608896182705395472e-01 4.039144778170258854e-01 1.215627509064905465e-01 1.136710127588795166e-01 1.590420817634181916e-01 9.547824068274290976e-02 -1.254061362417552283e-01 -1.137220576098335739e-01 5.664171929621951429e-02 9.013336359882651028e-02 1.625079867038674575e-01 -1.938260484096949315e-02 3.249916630489866898e-01 -2.325470073469562415e-01 3.445538614232599994e-01 2.462155900614851622e-01 5.778055520095281422e-02 5.442700245954067151e-02 -4.333446564805749912e-02 -1.496461570703010169e-01 -7.956956057765840473e-02
7.186046656801831078e-02 3.961023197204712187e-01 1.563663358336221665e-01 -2.543360769029159862e-01 -1.762900026107682983e-01 1.662809936684210843e-01 4.893018775867900155e-03 -1.820262813588773010e-01 -1.696742138196096206e-01 -2.107394023424601359e-01 3.104143424671925722e-01 -8.124630485672027641e-03 -2.718297883927733253e-03 -6.053983552050418160e-02 -1.066735551289885592e-01 -2.663988018891305654e-01 5.600176461759048124e-02 2.299810483118115145e-01 -6.019277809556131120e-02 6.348792385482028566e-02 2.031625880635632153e-01 1.462687724390081268e-01 -1.405132353446726101e-01 -5.693059631814006288e-02 2.667407221050669200e-02 2.992980053294480580e-01 2.198245254194500509e-01 -1.975113878008376636e-02 -3.335068147102485114e-01 -1.153937786127423246e-02 -1.503327020691652971e-01 1.618638713557227493e-01
-1.557430794291676523e-01 -1.196228925652959435e-01 -1.427795746148659561e-01 5.588217378542321284e-02 5.464061450177530588e-02 3.275885529749373304e-01 -2.670941488978724743e-01 -6.287200098522555125e-01 -3.628637101804323972e-01 5.798145425364699401e-02 -1.542787655365186923e-02 -2.784348983200514160e-01 -3.286470055689337810e-01 -8.654556081802275772e-03 2.174266998657365113e-01 2.045746433281598886e-01 -1.678779124557115976e-01 2.989215738863557070e-01 3.381662805489516616e-02 -4.363483987273517051e-01 2.215145144052300952e-01 3.456726819364789455e-02 1.657922046449879505e-01 1.442013039802837460e-01 6.356266409338544310e-02 3.326651383497730152e-01 -9.027193242444767063e-02 -2.774029239246664780e-01 -3.674111267739434972e-01 -1.234182092434268768e-01 8.734272663223396904e-02 1.372639980579869745e-01
-1.504195517479672839e-01 7.749306667084268629e-02 -2.427515476307030851e-02 1.762302399030682420e-01 2.600613699062843676e-01 -1.414602840703097220e-01 -8.153618136090348689e-02 -2.342650575226293830e-01 -2.723615094228289402e-01 3.032225958870753413e-01 9.611828067228270212e-02 1.938565423969150492e-02 -1.628360826657176130e-01 -1.008905695860930485e-01 1.685020437904295038e-02 2.788555062715493693e-01 9.420717254734022050e-02 8.451567938168676186e-02 2.846161852408136683e-01 -1.786193484166300749e-01 4.446132940828480540e-01 1.082871115874286666e-01 -4.092498773364705023e-01 -7.550424429807900406e-02 -3.178366343315882497e-02 4.914677810715156192e-01 7.777027323221998023e-02 -1.614207614912686536e-02 1.306031589101215029e-01 2.069101393753338125e-01 -3.530688021444823854e-01 9.631778761101379704e-02
-2.308368620707461627e-01 -1.826686786609897639e-02 -6.689321245482288125e-02 1.163730494274891752e-01 5.758666548773351268e-01 -2.917222935149406671e-01 8.843215973263106322e-02 2.791297831564840126e-01 -9.894197899812480143e-04 -8.213746242104816297e-02 3.059771154641431345e-01 -3.329925324619006921e-02 -6.902505537663018720e-02 1.395199093435489993e-02 -3.325982593854549807e-02 1.710349279071211870e-01 -2.039081465785453351e-01 -1.938099941938414283e-01 -9.180921343541191548e-02 1.168323465434002728e-01 1.149847313046438446e-01 2.820651309948263852e-01 -5.417214508371989007e-02 9.086616536407617073e-02 2.055482333445697307e-01 4.123872020011924711e-02 2.057672427377527091e-01 -1.708135927436450208e-01 1.540588169527027096e-01 4.217383981182238478e-02 -4.315126326278786312e-02 -1.971742526816837870e-01
-3.314711723655501974e-03 9.523244462666946575e-02 9.132861502311666151e-04 -5.971104112366704131e-02 2.682228751242980436e-01 1.791145275073942333e-01 -1.704721325575380420e-01 -4.458507870496806330e-02 -8.326490783626058767e-02 8.092100868302988526e-02 -3.925424516909846451e-02 1.348184936611372675e-01 -1.841602874389769717e-01 5.093020416511585824e-02 5.781679663235680389e-01 -3.019981887354500905e-01 -2.628536691898304689e-02 -2.820569976913246402e-01 1.148901763063656795e-02 1.488317012722870647e-01 5.345337035209384025e-02 2.723045863513164355e-01 1.002927778053287200e-01 2.629637375639126140e-01 -2.394782599022453416e-03 -1.208409018858091905e-01 1.510735929171057312e-01 2.703098867509544020e-02 2.035868232859864430e-02 1.501960352641261154e-01 -7.174844460126397760e-02 2.050272783513568814e-02
-1.333767197790470815e-01 1.545596987389618593e-01 3.660881398253368335e-02 1.604216298615222525e-01 -3.501770085580647174e-01 1.370349029786465944e-01 8.247348719406895345e-02 1.773206494911016562e-01 1.605796886373676846e-01 4.586417212726142528e-02 5.608296006324527128e-02 5.850257268146813981e-03 -8.089250052239056743e-02 4.376918275139710796e-02 1.132768502797795902e-02 2.731603815666026891e-02 7.209816855357072118e-02 6.256402246451733262e-01 -1.739071178987831312e-01 4.854661774537856189e-01 5.036255297998356445e-02 -1.344084814392070837e-01 5.865291913982995098e-02 -5.224571309715083517e-02 9.021187019390190798e-02 -8.601209085960782180e-03 -2.178899611269515812e-01 -1.700205307362198937e-01 5.640076425946013994e-02 -1.157926095613264761e-01 5.752223889242933513e-02 1.409847505242558252e-01
-2.419903177107788905e-01 1.658250958734214520e-01 6.852589726534172310e-02 2.181324183039205777e-02 -2.186807132084357397e-01 -1.957005412684930390e-01 -1.424008130219005519e-01 -8.763882473962156250e-02 1.026534761607309290e-02 2.542042838950179795e-01 8.168513473983016193e-02 -6.810764074527411727e-02 -1.061979929059519712e-01 2.429332561867566243e-01 9.974493635066235264e-02 1.987357976680385330e-01 -1.459050192533531409e-01 1.236649518995447394e-02 -1.386122044466276682e-01 -3.409373138430370209e-02 -1.139612980026891709e-01 -1.673671714245554207e-02 -3.434862953438071187e-02 -2.250753187021100610e-01 -2.186618121839372653e-01 9.550019184712912890e-02 6.403676452503750949e-02 -1.433649644326817907e-01 -1.001319627355465314e-01 8.181236568375778451e-02 2.578255923049482257e-01 1.469298886426628759e-01
-3.568985389703837469e-02 1.649517862050185052e-02 -1.665430265425777157e-01 1.070768536617735522e-01 9.804798951358244252e-02 1.121294734847217388e-02 -8.884022417312559261e-02 4.966088237795477506e-02 1.592353266146549762e-01 4.918941373945010659e-02 2.918568294862479151e-01 -1.159574884589301483e-02 2.484583160319068021e-02 1.460805438925881772e-01 -6.022563763864953457e-02 1.849093765524712218e-01 8.879724168274584495e-02 2.563238206065922009e-01 -9.742307318890115753e-02 3.232118314529103253e-01 -2.130587896125298308e-01 -2.257706750537962284e-02 1.676972154015753114e-01 -2.066689047044223959e-01 2.535529748171157505e-01 -1.597355079637999831e-01 -2.835700086377492823e-01 2.491122327738940767e-01 -7.940795475336026588e-02 -1.642886758310476425e-01 2.473603180424750192e-01 -2.274184517187805288e-01
-9.297759925473784992e-02 2.607324901745542226e-02 -2.712897604707951715e-01 -1.086887680731370709e-01 5.161984011450653220e-01 3.123486726491819243e-01 1.709296049522067706e-01 -1.279335977688847992e-01 -6.112329607469767223e-02 7.139340951483694186e-02 -2.979229547922584292e-02 4.607671888489676265e-02 3.043264569789527751e-02 3.792604545393697679e-02 2.452660015156797879e-01 3.595633499430450075e-01 3.531090550472919531e-01 -3.386774094466709628e-01 2.563461716857470818e-01 -3.814615244838333030e-01 -6.280930776150260575e-02 2.965674813677524613e-01 -2.749937139731071026e-02 -3.968417415129374404e-02 -3.751587623130924615e-02 3.292261442882921663e-01 2.584346359201314391e-01 -1.914030898106955647e-01 1.091758807103374723e-02 -1.489566725370073119e-01 -6.956349895080693457e-02 -1.318971327172041574e-01
2.678501865791760861e-01 -6.417959897199872199e-02 -2.289935034037144101e-01 3.951678750536761348e-02 1.241604050442229878e-01 2.297764094143002478e-01 -3.864137007355192277e-02 -6.292280755020800143e-02 1.648103591874880425e-01 -2.073920047275145395e-01 1.537899246885090498e-01 6.213871188399668066e-02 9.452947522169459493e-02 1.032972569131171414e-01 -1.599023678021758155e-01 3.615025272226489450e-02 -1.996447360781482550e-01 1.896734922775779042e-01 -1.028403136874668777e-01 2.187872158229359487e-01 5.120333835427462454e-02 -1.775869820544141997e-01 -1.825276582686891080e-01 -1.592884937874471940e-01 -9.099131816321834321e-02 7.390556377865713233e-02 -3.621858843089237334e-01 -1.749637421602236176e-01 -5.980252886728557038e-02 2.658414794602864673e-01 -4.570941825858595292e-02 -2.732890666155971676e-02
-2.927116295858102624e-01 -1.653827059767638830e-02 -1.940392434397764099e-01 1.399752724848287444e-01 3.839228139176501520e-01 1.042146022774203401e-01 -1.947064875829447594e-01 1.149714371153885001e-01 -1.537321223432892847e-01 -5.855830978390352132e-02 2.529005699652390332e-02 2.200668809320455166e-01 1.859008140989056382e-02 1.057499353788448199e-01 8.592628429810962587e-03 1.101739199826049925e-01 -1.816627961216582890e-02 2.208174968341780897e-01 -2.479711138050326724e-01 -1.360508642601867546e-01 -1.937512874644922445e-01 -1.231261750444607450e-01 -1.730893265553910820e-01 8.644010619080348679e-02 -1.134270563993139691e-01 -4.096918879404481267e-03 -9.683451628440109538e-02 -1.339586405684525250e-01 1.777403353010897219e-02 -2.312682838895428195e-01 -1.959804964517745662e-01 -2.942934701296744393e-01
-1.237931629270481587e-01 -1.342219487602604698e-02 2.367664545067682258e-01 -1.518651695807170243e-01 2.608439680548989559e-01 -1.897352571475348706e-02 9.284166759856028739e-02 7.992125913648899516e-02 1.463042909062115815e-01 3.108589551421213071e-01 2.703885458260563701e-01 -1.580125264167999699e-01 -7.416963570847319442e-02 7.590766242006159736e-02 -1.920713694039238861e-01 7.946079851138028449e-02 -1.283259513159025825e-02 -1.641886125425183751e-01 3.731503277796038159e-02 1.941256793114540247e-01 -1.769332064357364009e-01 2.955385651272580128e-01 4.195551017955808509e-02 -2.432352503423611603e-02 7.401769168152759482e-02 -4.868677920775396628e-01 1.215217708702974742e-01 6.824737812903518275e-02 -6.426217216242909036e-02 5.960114242123555617e-02 7.381499089535772939e-02 -1.829675372812820111e-01
1.656291554709833289e-02 -2.814802133611269963e-01 3.137236494460954317e-01 -1.608176516824487076e-02 -4.914799927718527944e-02 -2.478956760978585916e-01 -6.675318727756089643e-02 -1.712953451648347586e-02 4.754913819710817474e-02 -2.765041258900120535e-01 -6.601700152903375307e-02 1.317314266353541985e-01 5.797456270828728331e-02 2.526591022924610727e-02 1.147973305335590194e-01 -6.677680586969823862e-02 -1.419523073093916232e-01 -9.428421067690981316e-02 1.346013159376104606e-01 1.539894985525526450e-01 5.877869291178843165e-03 -1.767143326305423146e-01 -3.148422543645615357e-02 1.607200022509874260e-01 1.281079832922195905e-01 -1.740230437235871508e-01 3.903830770500159308e-02 -2.757745701284799317e-02 -7.113330748880278276e-02 -4.699408920458906791e-01 -1.807193694568769715e-01 2.453496832448675280e-01
-1.261332629492146508e-02 2.455218015434535231e-02 -1.810347014803807136e-02 7.300428171576918424e-02 1.112768717406703578e-01 1.011382742585968803e-01 2.089066750245672510e-01 8.066364359416372531e-02 3.001095423624460246e-01 2.658539683892892636e-01 3.652678755474493208e-03 -2.149766506626393237e-01 -2.049796298076650147e-01 -1.760773831674971590e-01 3.099172950665591425e-02 -2.222489533663336569e-01 -2.041340971255088069e-03 2.186848622063942704e-01 1.130259111567275127e-01 -3.704438983599724067e-02 -8.402676261473836922e-03 -1.973616342447024607e-01 6.538614070474960127e-02 4.156095691002077014e-02 -2.560883693443733455e-01 3.795279539223694182e-02 3.916816726156267803e-02 -3.728181329456537602e-02 -1.448413094652682420e-01 -4.809483053252527895e-02 -9.835891689681280914e-02 -2.283483926548391385e-01
2.194315230085117918e-01 2.643405238177243266e-01 -3.914333766814561549e-02 8.996114994084875027e-02 -2.736036514089346672e-01 -1.297733840259630844e-01 -1.092210999130248557e-02 -1.620512241918910523e-01 3.090577053052181444e-01 1.080738387633644743e-01 2.200367470119965474e-02 -3.120938733997715708e-01 -1.437469840859123549e-01 -4.007035403660424294e-02 -4.301267845907914139e-02 -1.694690710307881765e-01 -6.360880336776900124e-02 -3.158472901428859697e-02 -3.279136255600755834e-01 8.535136283741420749e-02 -4.196940677405008174e-02 -3.950693107766928280e-02 -1.401506491416691647e-01 -1.555698045497806801e-03 -2.012401067677084196e-02 -2.052913697427921902e-01 9.863691231839007145e-02 -2.114982864190933787e-01 2.255851418102826078e-01 -9.596334668282983926e-02 -1.356952454964510113e-01 -3.602747090151022791e-01
-1.480360022630914651e-01 3.195579480177954124e-01 9.279488440051116005e-02 -8.170692648618992082e-02 7.982037640264284806e-02 1.208133405223479756e-01 -5.177563697850264685e-02 2.613074419238926582e-01 -2.393699927559288579e-02 -1.950432304229039460e-01 4.435132437314795451e-02 1.711702931808913031e-02 -2.753318826160378596e-01 7.125198035509998362e-02 -2.081247516415942952e-02 3.394392078356900933e-01 -1.409934053943957266e-01 -1.247925757703439477e-03 -1.468288681392459494e-01 8.008076474091635477e-02 4.091937109405346246e-02 2.146917283600479134e-02 -7.492141544123014085e-02 -1.415889307967992949e-01 7.704846822444785803e-02 2.544981554320983191e-02 4.664156827079643519e-02 5.935930532734123161e-02 1.019705471522865253e-01 1.424008596575229886e-02 -3.593273470685984933e-02 -2.231092888643528838e-01
-1.568440857754486648e-02 2.674225014480023921e-01 1.011364778215133459e-01 -9.513730759039819296e-02 1.792838825652134233e-02 1.756863857849747801e-01 3.308027835178371182e-03 4.524005908978440127e-02 -1.257480013381547801e-01 1.945971878223776985e-01 1.328420291540391984e-01 -1.220979483859026410e-01 -1.089146571537330660e-01 -1.547645962316634705e-01 2.438571211437819408e-01 -2.587001982695285029e-01 -2.281434607677983173e-01 -2.002710415355739015e-01 -3.198509906518286483e-01 -3.641853864578070699e-01 -2.782842740585902974e-01 -3.201153585851369138e-02 4.654529976331026053e-01 -1.548818302591109253e-01 8.211236091531479153e-02 1.013476026957997461e-01 -1.024476352181346861e-01 -6.684595560992506735e-02 -3.313559321368893945e-02 3.477549820287875043e-02 6.299738174335092755e-02 -3.160509422781632161e-01
1.985705031031498036e-01 3.944743632586820703e-01 4.264275213462803693e-02 6.477550190097011718e-02 1.422722306229186849e-02 -6.358204502038748707e-02 1.900244276287250400e-01 2.449802425558887664e-01 3.711016269796379996e-01 1.853136634162796080e-03 5.810902375872848413e-01 5.538240371353195246e-02 -3.809478420109396052e-02 4.532700939947485047e-03 -2.646056756429023341e-02 5.361802129627107893e-02 1.096107578507593203e-02 7.480445534843787811e-03 -2.525973739262048490e-01 8.852659449426231175e-02 -1.051004253289790635e-01 -2.291323067784277120e-02 -2.205835453907421806e-01 1.734731807283244540e-02 9.543832249749553687e-02 -1.973087526308177908e-01 -8.402581200946028159e-03 -3.386865297800372657e-03 1.248336994692008338e-02 -1.192956031736437800e-01 -1.002421948970900201e-01 -2.146685422409506938e-01
3.897203072626607284e-02 -2.563575682527893251e-01 3.590495411888940114e-02 2.737558545717856395e-01 -1.883912581342169212e-01 3.418817156715043826e-01 -1.049642478922014066e-01 -1.243379170598727795e-01 -1.597544939139347933e-02 -1.213358900473847542e-02 1.150984733749521732e-01 1.564087204484863880e-01 -8.259255929924645689e-02 3.383346398310614900e-01 -1.631011351303877643e-01 -3.920696541784709499e-01 2.803468656459982833e-02 3.981291408251878550e-01 6.108278123115018499e-01 6.634539828366388566e-03 2.452487268798230202e-01 5.114504554835296035e-02 -2.142959023437162880e-01 -1.121577681945312849e-01 -7.821499319119176730e-02 9.920439278005654948e-02 -5.643633117644069053e-01 -2.026350526349271208e-01 -1.290977409059849979e-01 -2.437079071467272984e-01 -5.736578161686333582e-02 -9.567103081849591406e-02
2.306807374195866400e-01 -2.068394491006775304e-01 2.252144161499959260e-02 -1.139620790820265878e-01 -2.967741162720402212e-02 5.961268178290027309e-02 -4.821911538913595252e-02 3.554663540908479802e-01 -1.916287935809298237e-01 1.256976843865474092e-01 1.361388666827240967e-01 2.330534182562252754e-01 2.479991926616828268e-01 -6.515586433813008727e-02 -7.372195584879046026e-02 2.731366094627627472e-01 -1.095202274714815460e-01 -2.818568574874209531e-01 3.453508777421447351e-01 -1.181213965630480839e-01 3.081269547210198634e-01 -5.191749715597687720e-02 1.691518452659054317e-01 -3.878623510766484456e-02 2.291020574377902186e-01 2.814891846051481017e-01 5.351000687512139642e-01 1.173579373545006049e-01 -2.956247949360791827e-01 -3.505053432695575122e-01 1.834466890895106173e-01 6.202624398105359427e-02
-6.858708538799604404e-02 2.853826067370858199e-01 -2.776155120970016377e-01 -2.998812332996582050e-02 -8.441924353502583411e-02 -5.226333570642364978e-02 1.905066144604230030e-02 8.494306893616117293e-02 8.931394289232363892e-02 1.330177648465218354e-01 6.793886150327245292e-03 -1.838691806878904877e-01 1.029432494782423491e-01 1.484060665414229374e-01 -8.509688458381388376e-02 -2.695841520995136964e-01 1.101966898997955302e-01 1.519829841125661662e-01 -4.150509654740604237e-02 1.996324811747783590e-01 3.134585155450311245e-01 -1.818875117285498610e-01 5.677476597986178541e-01 -3.849036374901602248e-02 3.338196365536950649e-01 -1.043834313837137678e-01 -6.165207980409222882e-02 -2.125766533641585201e-02 -3.054224935487675485e-01 7.839339647829235425e-02 -1.071354739049348026e-01 9.311948469759361025e-02
8.111248093198709930e-02 1.072873428549276087e-01 -1.067613600838248217e-01 3.505755636901774358e-02 -1.628301715228894775e-01 2.750087852852445836e-01 4.962007831284471863e-03 -2.228248661971773681e-01 3.426229987609707983e-02 -2.641024686032962809e-01 2.828390085740430382e-01 -1.632550575806087922e-01 -5.746973633971590167e-02 -1.194851803410312968e-01 9.088596394872150430e-02 -2.062679069855435643e-01 -1.240879341582625146e-02 5.442834151403367349e-01 2.022191739698727120e-01 1.808352436214595849e-01 1.008727193606898526e-01 7.251260659852677704e-02 -4.275274958352147381e-02 -6.400905187295038989e-02 1.836284887239773012e-01 -3.275478361823331297e-01 -2.248912283907166659e-02 5.150132774321384277e-01 -2.384955604021971390e-02 -1.280561980903517361e-01 -1.770348073023327116e-03 -2.456145410589986172e-02
1.451069033119492535e-01 -1.781020232638933498e-01 -1.182497703899436509e-01 8.751186018683031892e-03 3.113400529847482404e-02 3.680943061011200668e-02 -3.392450186713332205e-01 1.726480988021645846e-01 3.342435920118855264e-01 7.534782825385256955e-02 -2.348060920727651213e-01 -2.598312570004447999e-02 -2.397573920896387545e-01 -6.487048565687247859e-02 3.351321833969266722e-02 2.446840471971511444e-01 -1.882338432251205174e-01 -4.768756337990605332e-02 4.887125546432253276e-01 1.059274135578181369e-01 2.321085497498890093e-01 1.725808027813383605e-01 -2.097635928260482147e-02 -7.875357928758922044e-02 -1.939380209765445007e-01 -7.502504823836242398e-02 -4.914962978874597849e-02 -1.889158905758824350e-02 1.923887754651170123e-01 -5.270370914298972975e-01 -2.044805181004342165e-01 -6.155412898560189659e-03
4.688093434569642892e-02 -7.129612877968011242e-02 -1.486829327148636026e-01 1.822514846543672462e-01 7.134783032749411613e-02 2.909211312544850159e-02 -8.822556795291949805e-02 1.462037684327587572e-01 -5.526395660844625191e-01 4.852202265266221393e-02 1.432126481095703230e-01 1.340251940228227301e-01 -1.269481530348669229e-01 -2.441057873009277734e-01 -8.974245631585410499e-02 1.482765407113296671e-02 -1.565073315349719274e-01 1.082453584306747735e-01 -2.874632875582539687e-02 4.733126424406541854e-02 -2.497239910047661937e-01 -7.853147270821893289e-02 -2.231808635418522091e-01 2.657476398684056051e-01 1.080147866388320027e-01 -8.191681478119985926e-02 -4.619949903424492438e-02 3.307063294444284596e-01 1.195373164811250055e-01 -6.873269562347317230e-02 -1.839707310974774690e-01 -4.286016762459668450e-01
8.047582299090927371e-02 -7.423060489090137215e-02 2.033756814823505787e-01 1.356044068771907196e-01 1.488275842824835216e-01 4.121136185723944106e-02 -1.043333404707469936e-01 -2.269530198405648735e-01 -8.409123552780563282e-02 2.707612709967197606e-01 -1.164026562862164327e-01 -2.526364464730326831e-01 -2.470034436915039822e-01 -1.909268463114021513e-02 1.238583084005107776e-02 6.898166699153183978e-02 -2.447982208401691118e-01 1.693931379748887245e-01 5.347946341377610158e-02 1.412211967315343542e-01 1.865003194132059117e-01 -2.195723929892323956e-01 -2.228639110418910163e-01 3.037686262848801055e-01 4.649851183229743862e-02 1.329468585532164182e-01 -1.089203983760789023e-02 -9.992658410317735440e-02 -4.289241718395068320e-02 2.353715394501936786e-01 3.284109578519285311e-01 -6.634086293856607253e-02
4.138557496906068445e-01 -1.084625806407971266e-01 1.502878616662723377e-01 -1.097419846750022632e-01 2.676874168635981488e-01 6.249343540433341393e-03 6.232046963742478296e-02 2.365166728482370750e-01 4.389462305186143665e-01 1.380528474960895646e-01 7.124880320581178372e-02 1.487902927666523156e-01 -5.406638119133187759e-02 1.954694808271313922e-01 1.576973695753121629e-01 1.046253970357277630e-01 -2.583324647176205024e-01 -2.814089329652908478e-01 1.461726825333455604e-01 -1.216274162665451769e-01 9.806623235695600960e-02 -9.277634850858149443e-03 -3.016534141031836369e-01 1.099919218873761546e-02 -3.061694045080110560e-01 2.008696231223663642e-01 4.964988670001252991e-01 1.302921923832919548e-01 2.479258505237086352e-01 5.851366667065428101e-02 -1.948412290710230532e-01 1.113249641306392201e-01
-1.351564192337227077e-01 -2.833864966530850737e-01 1.580786337884110826e-01 3.809973731323613305e-02 -2.478995342948664971e-01 1.877163392636533798e-02 -1.864373657589514510e-01 6.597102360766832208e-01 1.971199812870740309e-01 -1.884274336082653045e-01 7.984238289324142868e-02 2.049020781492080501e-01 1.259721620080166971e-01 -2.004297394563180901e-01 2.057652754945010765e-02 6.434560609330226832e-02 2.594506455358842056e-01 4.368596389250371109e-02 -5.694752730972475752e-02 -5.750198863960240964e-02 -1.394681168549690431e-01 -2.143301410899853543e-01 -2.203230917823505441e-01 6.354658057847124841e-02 -4.059669122363467747e-02 -3.604180763166964785e-01 -3.241521713952870698e-01 1.381226616900132487e-01 3.711447801346395292e-01 2.626430654874046255e-01 -2.767819498559988545e-01 -4.919156649221996525e-02
-1.220221632995217853e-01 -5.041392470762662281e-02 1.309113734093487191e-01 -3.901457472282896660e-02 -5.457217747474594691e-03 -2.308518163797219358e-01 -8.506328180324544685e-02 1.975229051138540359e-01 1.110919343020753958e-01 2.646253522711745632e-01 -6.371809402667713562e-02 -5.159956984806834263e-02 1.223953478198448186e-01 -2.380978748979487303e-01 -2.527200114950368115e-01 -2.230260633363861655e-01 2.102287283752566072e-01 -1.233181813442588287e-01 1.315006142893225018e-02 2.378309740270158623e-01 -3.052426203461263698e-01 6.517385939880752932e-02 2.515403655250793291e-02 1.512113421428639137e-01 2.520734790712719220e-01 -3.985721275571744715e-01 5.875778441464223067e-02 -2.816391177414384051e-01 5.184058022317018510e-01 -1.194153006884182688e-01 -2.069998025485414450e-01 -3.010125739593447203e-01
-2.043369046801956149e-03 -2.268833172213512162e-01 1.121683864264957746e-02 -5.264586037999640505e-02 2.028482676806860341e-01 -1.830732492310345738e-01 8.173591399235610733e-02 7.809153196987131396e-02 1.147423205851009070e-01 -2.724459487097534161e-01 -8.131564904079985334e-02 -9.817903896404829578e-02 1.440958243751045698e-01 -1.982831899695933486e-01 4.435690645236459173e-02 -2.356873095263885623e-02 1.236805345287126795e-01 -4.539717365781553715e-02 -2.521651109628496035e-01 1.949952200007365188e-01 4.242961845680090494e-01 9.950496847686293722e-02 1.632627083848276484e-01 -1.078631513980274764e-01 1.400134561168902940e-02 4.228241934717866246e-01 3.858662346376318664e-01 -1.346600214006855520e-02 -2.510277094454686428e-02 -9.830505954944397662e-02 -2.873713226572926355e-02 7.395049543984498486e-02
-5.565844300399756805e-02 9.410412072819170082e-02 8.500547528945584519e-02 1.125484302786269736e-01 2.105186192532791378e-01 2.153807235962059696e-01 -1.541087705954993260e-02 2.354146323121774492e-02 9.415864463379710822e-03 -2.288338106314869447e-01 -1.108559098073883253e-01 1.826472097838550690e-01 1.486972206750602488e-01 -1.977815012250153659e-01 1.609791110602649955e-01 4.354883358987662323e-01 2.307778068597774179e-01 -8.977588627128785248e-02 1.131663339047954131e-01 -3.703299734633450080e-01 -2.715114045582239788e-01 -3.770540082436235063e-01 -2.159184024640130317e-01 -9.032181461591959337e-03 -1.108308153697997456e-01 1.606082881053921829e-01 -3.129192924430197476e-01 2.247050311176971432e-02 3.580360605813077274e-02 3.878246154358050424e-02 -2.509393891427128681e-02 8.330755975615851405e-02
-1.982784012355912062e-01 4.152309643582568349e-02 7.407230713157662849e-02 3.966827421152158140e-02 -3.781770118687741156e-02 -3.820439116493671433e-02 3.687444048518757900e-02 5.825519440382632280e-02 3.670279472940166099e-02 2.906917705655261835e-02 -1.436296484653271643e-01 1.385632479540840900e-02 3.925696492306364471e-02 -4.894798139662658726e-02 2.140162162139652435e-01 -3.175583123603480384e-01 1.044782969664506678e-01 3.244626881264473656e-02 -3.252464241265281414e-02 1.839540286911652556e-01 7.458010991712092641e-02 1.172331366301681936e-02 2.545270232002225241e-01 -2.566383313831502866e-01 -3.282230157994123765e-01 -1.806996565927192211e-01 1.170217191152832410e-02 1.236002923701207123e-01 -1.188341497316750678e-01 -9.212031546570862220e-03 4.981597409671931209e-02 -2.128993965761161455e-01
-2.497641031525848869e-03 3.045540341366792178e-02 1.794651770447396322e-01 6.451532584974097040e-02 -3.819510967384578265e-02 1.209480973256698982e-01 1.787281177917963981e-01 1.280780275969498061e-02 -9.419177583429498568e-02 -4.654286294054631179e-02 -3.832452606645942589e-02 1.743213253487071179e-01 5.656400817434284467e-02 -6.951195277544060941e-03 2.668746340367964542e-01 -3.305476775926892152e-01 -1.513754829648318034e-01 1.308866961700076159e-01 1.646100384616189793e-01 -1.573658658411033473e-01 -9.587942130188198409e-02 9.913665378540295614e-02 1.444930413796486623e-01 -4.160492211818406921e-02 2.540576222960957420e-01 -9.583515066216007072e-02 2.204512387482616270e-02 -1.110345376068182094e-01 -4.439671213877978417e-02 7.169968802442691809e-03 8.677931984140470345e-02 1.271542399635477993e-01
-9.054162248855365802e-02 4.926470071572175424e-02 5.432281174205965124e-01 3.431606358107548438e-01 -1.177036307642428531e-01 2.321384968133710369e-01 3.586525373876341405e-01 4.754083592433651639e-01 3.420739273012168291e-01 -5.390708911865221831e-02 1.438490307558515646e-01 -4.037499104640538371e-03 -1.597830429888751347e-01 1.071769824984278655e-02 2.327952988737004847e-01 8.622042178544852414e-03 -8.825556231690467879e-02 3.519349934791762835e-01 -3.612101005935267617e-01 3.281049951416749044e-01 -2.471283390834559668e-01 6.083475550216993488e-02 1.072011895784893143e-01 -1.040892588514060746e-01 1.299204485295357703e-01 -6.619107899820189655e-02 2.762277893960953246e-01 1.662422710761895074e-03 -2.395919730503284772e-01 -4.778255274258852436e-02 1.800650970103367388e-01 1.341488106502402300e-01
3.044998560628440348e-02 -3.135754520375470811e-02 1.475057374116309772e-01 1.432599885020329478e-01 -1.727354032372222514e-01 1.073786137766772897e-01 -1.187593610382055437e-01 1.363477742457870900e-01 -8.694913970175513138e-03 5.410552097226626472e-02 1.707483853133930640e-01 -1.217182067539837468e-03 5.471202501117673478e-01 -2.514565918328275362e-01 4.829865342156954011e-02 2.494154673358092433e-01 -2.381853735851814993e-02 -1.397969556523281365e-01 3.698685565939290043e-02 -1.342841793565994861e-02 -2.965878233571960787e-01 4.217013886004013501e-01 2.925869778103096785e-01 -3.156343378285342283e-01 -3.396810541826590923e-01 -2.031534183851013142e-01 -1.655708062102794614e-02 1.072627434486591730e-01 2.794875384037900229e-02 2.689330728271877580e-01 -4.437747416599165107e-02 4.558323583358048908e-02
1.287399156827311320e-01 2.049411108744791932e-02 -2.498160427925932014e-01 5.616638844659854052e-02 1.547789278996723472e-01 -2.038716540921065856e-01 9.850253580743018045e-02 2.652308166237188347e-01 -1.504626798782210950e-01 -1.050117907880491752e-01 -2.109300242673257941e-01 1.205581247572663772e-01 -5.539248965102342749e-03 -5.276423792694729872e-03 1.573147497090189861e-01 1.770878372384173671e-01 -2.519513061067822982e-02 4.599270853791545544e-02 1.346533812637816241e-01 2.920675107863355754e-02 -4.412271946763920982e-02 -2.653238725115273366e-01 -5.174843818885673796e-01 1.163399157097722153e-01 2.365167442524910429e-02 1.046046819471231210e-01 1.990097637061422758e-02 -2.906089054293258256e-01 2.712017326494774450e-01 3.762824684876719950e-01 -1.905045401599601562e-01 -5.091350195653537164e-02
-4.050788131178592044e-01 -1.457438558788827776e-01 1.199122375269245228e-01 1.450445735481916687e-01 -1.369852089316820620e-01 -7.717295372053940838e-02 8.030662833405796674e-02 -1.098558455350008567e-01 -1.978376354920602376e-01 -3.377389871969639634e-02 -1.820462601112393386e-01 2.350898165081167501e-01 -2.638966671421055232e-01 -4.377107105538587117e-02 -2.444095182225330676e-01 -2.248741398511224232e-01 1.207531346296153441e-01 2.132191353708980663e-01 1.637880961977975502e-01 4.688643818738376726e-03 2.229747690326910337e-01 1.288204256148195274e-02 -1.023638681904043835e-01 -2.411557033657086846e-01 1.757786134715271786e-01 2.230345167825137365e-02 1.852920892464623714e-01 -2.387148472449705447e-02 3.766974468821530225e-02 3.883363493515403810e-03 -1.723855416063369006e-02 1.399013561984298604e-01
4.566745981185469511e-02 2.371775901432097815e-03 -1.237954460838738974e-01 1.041904483115508595e-01 -6.868660211020150008e-02 -9.775995155910574552e-02 1.092459651589029052e-01 4.693588863983306769e-01 3.537931029679967088e-01 -1.510749622700274797e-01 -8.016287434054847338e-02 1.437993124723126459e-01 -7.700960056840286394e-02 -1.861379178187451411e-02 -4.260221149070532731e-01 4.910911494176632697e-02 9.400400237184285135e-02 -9.924345338723536414e-02 -2.029935987674884659e-02 3.315203685071705514e-02 -8.999911446268243475e-04 9.798644004033817134e-02 -2.521912828032150944e-02 -1.486382213283832243e-02 -7.800730509792688783e-02 1.666882531017925273e-01 7.649959662233876689e-02 8.703185168695236340e-02 1.908362446484496711e-01 8.054714658619339224e-05 -8.579448818152005107e-02 2.399418608618085480e-01
-1.299298161163084907e-02 1.890864640550137810e-01 1.820286830667777744e-01 9.587038805937861397e-02 7.024695497173120973e-02 -8.452634151811588142e-03 6.224074326613730779e-02 2.352403560693884857e-02 -9.814954658561698964e-03 3.790403297661851939e-02 -2.696157183939841828e-01 3.048510077586968556e-02 -5.574658841381757712e-02 -1.796565764992746894e-01 -1.573562373747080523e-01 -3.391387809787689278e-01 -2.965942527496884598e-02 2.914304860358643001e-01 -2.261352921471577182e-01 -1.357743535730386586e-01 2.322268269560206211e-01 -2.936107710745168853e-01 3.183640835764257881e-02 1.087944843567371228e-01 4.097819425984954717e-02 -1.662693910579873258e-01 1.540508026330700553e-01 -4.095531996860354296e-01 -1.142379661906031685e-02 -2.013240719235864437e-02 3.113726526998107300e-02 -1.371100689032481446e-01
-2.217014388601388497e-01 -2.634487206610992560e-01 -3.329826815636479503e-02 -3.244132268500949517e-02 3.526643257251026783e-03 -1.536215558567599615e-01 -2.061224051538612101e-01 -2.440922547498930451e-02 -2.854770788692589378e-01 -9.176044129858122733e-02 -1.931346265764802006e-01 1.395264033852249286e-01 2.119659145959179869e-01 3.228904292016647193e-01 3.017593758912812674e-01 1.702796384422552989e-02 -2.324059097439268307e-02 -3.467675209719758844e-01 -3.386961992399810661e-01 4.704019974278816213e-02 3.093077968310807280e-01 3.186528234971888196e-01 -2.347501869404545471e-01 7.021471806203230526e-02 -1.800271487626349809e-01 8.797026575029102957e-02 3.957729183582466004e-02 2.275858754539485454e-02 -1.247505206954084289e-01 -1.597381841579179618e-01 2.110928771602108844e-01 -1.063030487041745908e-01
-7.020911144656320768e-02 -3.497738538476558717e-02 -2.297390053406939137e-01 -6.835944063760396316e-02 -1.123910848515327077e-01 -1.004608754532873155e-01 8.171830779263651590e-03 -3.370644126047490086e-01 7.735992019082021942e-02 -9.639014492761589781e-02 9.701407759214623894e-02 4.802677271574175288e-02 1.885495686596009302e-01 -3.370446123448491565e-02 -1.981036635515338318e-01 1.740510517404523783e-01 1.954408364287886779e-01 -5.397126965207798416e-02 -7.993528213110237535e-02 1.189391141405775898e-01 -3.783676630270198238e-02 1.614608395110808947e-01 2.111123447767523087e-01 2.214940817755748498e-02 1.809247870870511199e-01 1.945342770954176237e-01 1.284562816707653099e-01 -2.680202133177728707e-01 -2.138425723012878782e-02 -4.677572308215214442e-02 -1.018470643060424008e-01 -2.227043101774499601e-01
-1.569709934754117964e-01 1.561651672405502678e-01 6.685717850332503764e-02 -6.151319907369785095e-02 -1.868289085871327471e-02 1.466917293082432849e-01 -1.410900964090827936e-01 -1.390267069304115255e-01 2.377487578015015646e-01 -6.676649232775204446e-02 3.547585018602262275e-01 2.825642855714550761e-01 -3.720553010618493084e-01 -4.513318122769906515e-01 -2.209482955080734057e-01 4.106123574932831616e-02 -5.391293631749469878e-02 -2.134785187473969836e-01 -2.760320507064421558e-01 1.488831525799662880e-01 5.910176903122872638e-02 2.214081908150514980e-03 -6.284516431894994135e-03 -8.652887332334319170e-02 3.418311930193078663e-01 -4.572537536900422861e-02 1.439153454913305596e-01 -1.102092726008685464e-01 -1.439336916120021459e-01 -3.583874900809777553e-02 -4.838117425061849025e-02 1.315188258042112451e-02
1.763956983658150068e-01 4.597621086336864393e-02 1.586361742075390879e-01 2.637095155556152259e-01 -3.281318642026608834e-01 -1.381893747824526897e-01 -2.490330297321480535e-01 -2.566123211988533548e-01 -2.048171124145544975e-01 1.524586617912046180e-02 5.212226065008864623e-02 1.564705576384295138e-01 2.001476788527841236e-02 -5.451341686377538312e-03 4.553099340328669448e-02 1.750976629381706118e-01 -2.535077870249743404e-01 -2.434288543588211950e-01 -2.474097988732349568e-02 -9.791889362685465836e-02 1.121860856430600822e-01 -2.515081310549167060e-01 -1.718741531948618229e-01 1.804043447109079379e-01 2.590972788452415854e-01 4.770887685289718072e-02 2.286261045129915903e-01 1.346406282216076888e-01 1.040443747057016866e-01 -2.185248098172362374e-01 -1.650498657839222227e-01 -1.351574617669482892e-01
-1.417816883042052334e-01 -2.433191515481819278e-01 -3.373954902015151580e-01 3.298541983492660895e-02 2.423963445104168335e-01 -4.064976304701142448e-03 -9.378825815236514762e-02 -1.238129534916687785e-01 -1.587794445742122390e-02 -6.515086299833672268e-02 -3.551401423259909484e-01 4.367456965049646977e-01 5.978906342589634243e-02 6.052671507865178824e-02 3.550896104649310658e-02 1.562323268261074927e-01 1.824508594034780773e-02 2.386559142597961536e-01 5.777872673283358518e-01 -9.316276250673581616e-02 8.939056540855623567e-02 -1.380835507053346234e-01 -1.362906606358583739e-01 2.163049697054131304e-01 1.893021331056825018e-01 1.708030132755961605e-01 -1.567984918798265986e-02 7.206074691477134045e-03 -1.233075215363007154e-01 -1.101817144793596284e-02 5.375370484389536962e-02 -1.152529241276131905e-01
4.030116901293913367e-02 -2.233212630392586440e-01 -1.904380790299698978e-01 6.376836843046161662e-02 -4.555012818782119832e-02 1.382123801264034113e-01 -8.420647565865060913e-02 2.307831589098351677e-01 1.209766603798989731e-01 8.003716648066371009e-02 -4.326058347610217680e-01 1.124600931514475322e-01 -1.047014946608644942e-01 -2.488027768138055193e-02 -1.977511499865756694e-01 -4.794439926061391105e-02 5.927649266783922843e-02 1.598513554955988403e-01 -3.869661550876422051e-01 -6.898555269774933607e-02 -2.149352477447198650e-01 -2.595227713579930096e-01 -4.857910041541219082e-02 1.546878118449045159e-01 -1.782511218539400699e-01 -8.216421064271982322e-02 -3.298749464599302211e-02 -3.692727919860188668e-01 -9.900775905317057979e-02 -2.384154624509753628e-01 -6.437680469320543331e-02 2.084910301951739542e-01
3.530562382177430958e-02 2.981399605289217214e-01 -3.137371403630907496e-01 7.159384703599788735e-02 2.326319797199495332e-01 -1.207517532572238567e-01 1.948420096882784169e-01 3.875397592509061823e-02 -3.073536731844102587e-01 -4.306948859732794010e-02 -6.073695388068823219e-03 2.091901303896464837e-01 1.737352725218895277e-01 -1.423900381792321188e-02 -1.141690239063334056e-01 -1.997599003330438605e-01 -1.120974332802062573e-01 -1.361301189158599656e-01 2.268427316164643159e-01 -5.314528229663815356e-02 3.007676314376975246e-01 2.248249231894861033e-01 7.688825619927379396e-02 1.770970771650037523e-01 1.981404853175046388e-01 7.633717646771949472e-02 6.273250540918035023e-01 1.009899902830777713e-01 8.207684992772860261e-03 9.314586817182955725e-02 3.605617241753029684e-03 -5.010831268198225746e-02
-9.272541068185727320e-02 4.803249355975718754e-02 -1.622022668734187656e-01 -1.527199301745870152e-01 -3.221967131350355479e-02 2.043793578604008454e-02 -1.595915383125398601e-01 -3.313612982479919311e-01 -1.511700263284534128e-02 -1.393989237850315199e-01 8.546133853828871696e-02 4.589928935555938339e-03 -1.249293643328420744e-01 -8.300501685561320619e-02 -2.093954813175522567e-01 9.880253758261395292e-02 -2.303903154813872478e-01 7.931069937777648904e-02 -6.991531082263514191e-03 -1.285273128384945562e-01 -1.241608832177513999e-01 4.156031479191133610e-02 -3.755745656047870806e-01 2.904033520449442185e-01 -1.220820345277282143e-01 -8.878730666247226788e-02 5.660270390520569239e-02 -4.347626791314949946e-02 3.509430004082687016e-01 3.503798525698980509e-02 -2.616858091926795860e-01 -8.969777625360186857e-02
1.529210108401017898e-01 -2.309728203622304077e-01 -1.154025638891402750e-01 3.007679198558749767e-01 3.892594580964769263e-02 -2.859546117202339532e-01 -1.035586703455671498e-01 6.119563183236339382e-02 3.168753372377662858e-01 -1.530648830344851774e-01 3.433624107149813032e-03 -4.371315781398494443e-02 -1.737742777412582540e-01 -2.202667721152249125e-01 -2.476974807801330669e-01 -4.137257708605861506e-01 -1.395210157576812771e-01 -3.321242862425784204e-02 -4.261728988952202465e-03 -2.187498875658507036e-01 7.857601601998175089e-02 2.557067252795786616e-01 -1.110288149177220268e-01 1.180227223802817089e-02 1.212539188393525619e-01 3.275154153234835497e-01 2.796061477980591459e-01 1.668557079757604714e-02 -1.178739104317910735e-01 1.177412079883281421e-01 9.405205488847097339e-02 -1.857583301150886601e-01
-9.350047239283247602e-02 -3.498399825130960594e-01 -2.050345912660664696e-02 -9.775518191673361612e-02 7.087390069790924785e-02 6.239982471942887715e-02 1.008874590980100294e-01 3.189069794564850513e-01 1.322592439172834422e-01 -1.614568121731889058e-02 2.880243031692950595e-01 2.697583749100632838e-02 -5.893760969384338744e-02 -4.064005690274762050e-02 -1.005796449253342079e-01 -8.900020672563528634e-02 1.670812205816763762e-01 -2.128502994605048493e-02 3.864602080336314582e-01 1.640684445418295334e-01 3.234936062322165684e-01 -1.630187098164271875e-01 2.950704967567525094e-01 -2.599790769932570633e-01 -3.195519923152914665e-01 1.168009389178066015e-01 -1.496454576138201431e-01 7.196284542369775494e-02 1.902645284836412820e-01 -1.931356976596144276e-02 2.447504023667568598e-02 1.953642208309246467e-02
1.651323156010840176e-01 -2.336530495690830878e-01 -1.194910248927187890e-01 6.104214111593530417e-02 3.570033873768062582e-01 4.622118208414988105e-03 -3.176983740586968724e-02 3.042826091686117937e-02 3.589299121741499482e-02 -4.228966253893098881e-02 -1.942153700114311043e-01 -6.338687748645378817e-02 6.332049145204450558e-02 -1.232031735975037401e-01 1.837287299188188894e-01 3.206177813816660227e-01 -1.059519442413289630e-01 -9.009813470639498056e-02 -1.826100825578164631e-03 -8.287255947682448110e-02 3.135828356161050878e-02 1.207954623515158921e-01 1.157180986137074929e-01 5.955136874977892680e-02 -2.315882216605783250e-01 1.834114713211477399e-01 3.315817297033230027e-02 -1.494251438921479214e-01 4.814740244179707002e-02 -9.206456456547039771e-03 2.653237475193403472e-01 4.206248234334304670e-02
-9.021628439633008756e-02 2.481925070119826993e-01 1.614087483655574362e-01 -1.596734214014885744e-01 8.185567427967167797e-02 1.854682190593797894e-02 7.507176979372730263e-02 4.200335223033848653e-01 1.607294616619509287e-01 3.268480917282012288e-01 -7.400954736791574839e-02 9.002445746054006659e-02 1.593126267973943022e-01 -1.099084473836497849e-01 1.693369849936019467e-01 4.764219408709908787e-01 1.171404679063448723e-01 -1.622229694599001959e-01 -5.537898190640774126e-02 -3.046231327494278718e-01 1.453174300963251502e-02 4.525592330332264268e-01 3.195082718019148088e-02 1.739915754129393310e-01 1.872576936505713496e-01 1.394067070185012747e-01 -5.972356939359226100e-04 1.580006280672922592e-01 2.527239502943866567e-01 -5.416885861070377950e-02 1.659177231840810729e-01 9.934718177888282598e-02
-3.050602250755120315e-02 -1.867447863431572763e-01 2.346918343003598639e-01 3.034999145047709290e-01 9.531688382621757161e-03 5.546031844508354791e-02 -2.595311055239859499e-01 2.401958478155838683e-01 -2.104618919840965108e-01 -2.619026744310737342e-01 4.046909960984497179e-01 -7.542894471720502925e-02 -1.167194625505617311e-02 -2.120000603708416531e-01 -2.491047902207522424e-01 1.765842626186607811e-01 2.633367380971276053e-02 8.107762437105865416e-01 -4.907601965142201206e-02 9.172948891962956486e-02 9.959095138414725268e-02 -1.699708869944722422e-01 5.857763708228271027e-02 -7.236487692186957532e-02 -8.774493822138350330e-02 1.355646486308758059e-01 -2.523344707801656872e-01 -2.430721975391131329e-02 -1.289265339665022214e-01 -1.986476980893605859e-01 -2.585578650239248599e-01 8.105863766305691775e-02
-1.326520320281969756e-01 6.147178807144551560e-02 4.737382852234822694e-02 1.471052405142818376e-01 -2.265266360274845459e-01 5.616454201700676885e-02 -1.495368883007379690e-01 1.445038534239415640e-01 1.116041214823964983e-01 1.139070096509886276e-01 3.349213694951846954e-02 -4.013375318503211164e-01 -2.473965603885937281e-01 1.350081864022176503e-01 -1.077481300558850441e-01 1.913923426011033269e-01 -2.195015872909543142e-01 1.492814929561498138e-01 7.870157708178571188e-02 9.328330630394721101e-02 2.783962759016911717e-02 -1.740517332683331753e-01 -6.708206571997467338e-02 1.044739836301336183e-01 -1.562784794456036075e-01 2.241019271653446054e-01 1.861702561275053736e-01 2.442656505827155433e-01 1.350701018563713329e-01 -2.407327055330114596e-01 3.481495220142079988e-02 1.359856263034620316e-01
-1.011422025675290798e-01 -1.648626895895612954e-01 -2.379978023772715001e-01 -1.870923297771069360e-01 5.448604527806161918e-02 2.232793847971275072e-02 2.606846249638012369e-01 3.511781899254792436e-03 -2.710699800199850920e-02 9.594113497042333627e-02 -1.587884390954769631e-01 1.896520797615688925e-01 1.628468277061892178e-01 -1.849053595865009503e-01 4.240604445452649668e-02 -4.242415062332319936e-02 3.562519894182347713e-02 1.936365504217975320e-01 -1.350831556190885130e-01 -1.872209136065758062e-01 1.716461455107412548e-01 -4.816367266581368378e-01 4.656806868366330544e-03 5.504057717073049076e-03 -3.159164478341137949e-02 7.415770237853433478e-02 -1.535108547539053014e-01 8.391697386148015692e-02 -8.798045759172076763e-02 -1.083960338512506838e-01 -1.589767236211032664e-01 -1.228840675328499304e-01
4.505295374134667130e-02 4.353623953062656926e-01 2.276898677624057954e-01 2.417716087960070370e-01 -3.685292453336040386e-01 1.864594035593471755e-01 -1.163975410401780486e-01 1.240882292294556294e-01 -2.623777752926833573e-01 1.238344297054219251e-01 -1.300888106367766028e-01 -2.007505020715405486e-01 1.420271014796471443e-01 3.442086833243992450e-01 4.966859554497798923e-02 1.089427862819992432e-01 2.987718798779352425e-01 -3.106015627893126130e-01 -1.623840270194203822e-02 -2.715234325362057555e-01 -8.502624595127823703e-02 -4.977119717645767105e-02 3.381634534972093320e-01 3.147938208060931803e-02 4.785296947899157771e-02 -8.402048223357920509e-02 -1.073594670031454736e-02 1.078973958466141886e-01 -2.714506308493144782e-02 -5.429831961074851193e-02 2.324848685224766541e-04 -2.090426587965266425e-01
-3.260862296135701444e-01 -2.328134210262387260e-01 9.399610802764910011e-02 -7.968015852126160425e-02 -1.308608024610455056e-01 -4.132780451965796520e-02 -1.037113413453087662e-01 -9.886250629911115528e-02 -3.027016436465385651e-01 -4.007242429803154621e-02 -1.041646966311441380e-01 -1.284949124825280342e-01 1.905372716199145999e-01 1.093188808280840252e-01 -3.238937325678011292e-01 -2.130863294676872133e-01 -1.636537552573061327e-01 3.321608042373306868e-01 -1.662073020328413420e-01 2.231125479969986447e-01 -2.718403877555304604e-02 -1.218597315502598366e-01 -5.643612780401095763e-02 -3.401570929720357239e-01 4.478540793449945628e-02 -4.433773975870932554e-02 -7.953744324555576950e-02 9.319881459696716108e-02 1.175957033250833034e-01 1.287637307936717601e-01 2.754345120014282111e-01 -1.553186594657657293e-01
