-4.551198492835413500e-02 -6.916221510227470171e-02 1.346371721731826343e-01 -3.105477521023751186e-01
-1.622334255986683793e-01 -2.235424065598685117e-01 2.536698323428352581e-02 -1.302483854891516198e-02
4.073138635083974751e-02 -8.087437111775545029e-01 -1.487525783445618754e-01 -7.048615727907940887e-01
-2.659589553676928730e-01 -3.890327407167991636e-01 1.775096206546075139e-01 2.071173201555395749e-01
-3.707886216344847830e-01 5.317653968894299199e-01 -8.920580048481102642e-01 -5.540665342142855887e-03
-6.466026570605335477e-01 -3.772468350268818882e-01 4.446862217534750666e-02 -8.890960586812091115e-02
1.165562535288264812e-01 -4.428424105626038165e-01 -2.517458401890230180e-01 -3.120768747197600335e-01
1.353434308705107947e+00 -5.193901713522696140e-01 -3.902470674406945395e-01 -2.219431730826480487e-01
8.020069449425181185e-01 -4.820162672920843550e-01 1.993443619809591449e-02 -3.758383980098590205e-01
-1.992216905406475058e-01 4.206285785815347400e-01 -3.668143115579247659e-02 -1.506287833378857910e-01
6.169963574929580030e-01 -1.523561338645702257e-01 4.097620168056726464e-01 1.988554254368823937e-01
2.968275545146665806e-01 1.535205632870843551e-01 -3.088877130128030446e-01 -8.272629809686100899e-02
9.913422183207470928e-02 3.061824451359857480e-01 -3.991654361434678333e-01 -2.290380204260392683e-01
5.127188277435589248e-01 4.564634937508953855e-02 -1.684031585074375822e-02 -5.962276531771168626e-03
8.601631237606263691e-02 4.387992402531119551e-01 1.829127284221044869e-01 -3.490044102091596767e-01
6.449674599293889754e-01 4.338079087497174191e-01 -7.013432563473394055e-01 2.378891824195442373e-01
1.358280179104103813e-01 6.152555773483237012e-01 3.024125269616873557e-01 -2.271325031309837650e-01
-5.751332193069830234e-01 -1.354241495464620026e+00 7.931375751134988050e-01 1.785131766997024583e-01
-1.515507511781409300e-01 -1.939482794533130550e-01 -6.237057089235509277e-01 5.366708211072883650e-01
-7.102665869005157784e-02 -3.412251384604633175e-01 4.831422606320023294e-01 -5.041187370349092811e-01
-4.238218016291015466e-01 7.609844731003327645e-02 -1.433470803904189350e-01 4.423336375632331841e-01
2.896036037469039148e-01 -1.750482806955253740e-02 -1.606671243072238520e-02 -4.490623543252430516e-01
1.327001032223445662e-02 2.226859363305069284e-01 -3.643489322862018820e-02 1.367123808988718048e-01
6.181667905387031592e-01 3.776760453345882063e-01 -2.037179261799244301e-01 -4.205132613864030061e-02
-2.654379306048635367e-01 -2.196161192616673530e-01 2.070899482660747692e-01 1.658488487416035495e-01
-3.634474073855887832e-01 5.471315519673706218e-01 -5.685549687808185704e-01 5.457872076305758657e-01
-1.138289763494792078e-01 6.337642709364419424e-01 4.454243119970439646e-01 -4.776726572289520245e-01
6.062502469363867386e-01 -1.722683374555944989e-04 -3.433352315544611899e-02 -2.919260816067175204e-02
3.251309026884678377e-01 -2.781073332790338637e-01 -1.136092416691001916e-01 -1.905849490592710360e-01
-4.889699436179515551e-02 -9.720820288785150809e-02 -3.730665878587834106e-02 5.162271162383142570e-02
-2.812175244753016834e-01 4.909943563416178103e-01 3.051474407733531513e-01 -1.428652049798624923e-01
1.083827195967177470e-01 -2.330177656289391872e-02 5.414103418716588456e-02 -6.831047585745435302e-02
